18
256
23
10
23
9
23
8
22
10
7
23
0
22
9
1
-1
5
22
0
3
1
2
22
8
5
6
23
1
1
120
23
256
1
49
23
257
1
95
23
258
1
105
23
259
1
115
23
260
1
58
23
261
1
0
23
262
1
256
29
22
1
8
22
9
1
-1
5
22
0
4
1
2
22
8
5
6
23
2
1
120
23
263
1
50
23
264
1
95
23
265
1
105
23
266
1
115
23
267
1
58
23
268
1
0
23
269
1
263
29
22
2
8
1
0
21
23
10
23
9
23
8
22
10
1
0
4
1
0
16
135
1
0
18
137
1
1
1
0
16
190
22
9
1
-1
5
1
2
22
8
5
6
23
3
1
120
23
270
1
48
23
271
1
95
23
272
1
105
23
273
1
115
23
274
1
58
23
275
1
0
23
276
1
270
29
22
3
8
18
253
1
110
23
277
1
111
23
278
1
95
23
279
1
118
23
280
1
97
23
281
1
108
23
282
1
105
23
283
1
100
23
284
1
95
23
285
1
114
23
286
1
111
23
287
1
111
23
288
1
116
23
289
1
115
23
290
1
0
23
291
1
277
29
1
0
21
1
0
23
4
1
0
23
5
1
0
23
6
22
4
19
23
4
22
5
19
23
5
22
6
19
23
6
22
5
22
5
5
1
4
22
4
5
22
6
5
4
23
7
22
7
1
0
4
1
0
14
312
1
0
18
314
1
1
1
0
16
328
22
4
22
5
22
7
20
2
18
336
22
4
22
5
22
7
20
116
0
